startin 1
1 2 258
1 3 1093
1 4 84
1 5 667
1 6 566
1 7 462
1 8 1000
1 9 373
1 10 540
1 11 548
2 1 1047
2 3 757
2 4 916
2 5 827
2 6 367
2 7 99
2 8 74
2 9 236
2 10 759
2 11 308
3 1 562
3 2 1092
3 4 613
3 5 524
3 6 1040
3 7 1022
3 8 816
3 9 900
3 10 896
3 11 814
4 1 424
4 2 165
4 3 965
4 5 746
4 6 1091
4 7 304
4 8 662
4 9 461
4 10 219
4 11 1060
5 1 981
5 2 625
5 3 359
5 4 796
5 6 687
5 7 174
5 8 997
5 9 650
5 10 559
5 11 967
6 1 450
6 2 710
6 3 610
6 4 316
6 5 75
6 7 175
6 8 40
6 9 653
6 10 1041
6 11 523
7 1 468
7 2 33
7 3 638
7 4 1013
7 5 537
7 6 793
7 8 808
7 9 962
7 10 416
7 11 645
8 1 701
8 2 921
8 3 857
8 4 815
8 5 673
8 6 422
8 7 1044
8 9 101
8 10 298
8 11 682
9 1 838
9 2 1014
9 3 85
9 4 1073
9 5 532
9 6 1024
9 7 1042
9 8 758
9 10 162
9 11 22
10 1 28
10 2 952
10 3 204
10 4 374
10 5 279
10 6 791
10 7 1088
10 8 1025
10 9 914
10 11 291
11 1 110
11 2 212
11 3 723
11 4 289
11 5 961
11 6 1067
11 7 846
11 8 2
11 9 743
11 10 76
m
0 258 1093 84 667 566 462 1000 373 540 548
1047 0 757 916 827 367 99 74 236 759 308
562 1092 0 613 524 1040 1022 816 900 896 814
424 165 965 0 746 1091 304 662 461 219 1060
981 625 359 796 0 687 174 997 650 559 967
450 710 610 316 75 0 175 40 653 1041 523
468 33 638 1013 537 793 0 808 962 416 645
701 921 857 815 673 422 1044 0 101 298 682
838 1014 85 1073 532 1024 1042 758 0 162 22
28 952 204 374 279 791 1088 1025 914 0 291
110 212 723 289 961 1067 846 2 743 76 0
E