startin 1
1 2 786
1 3 185
1 4 575
1 5 238
1 6 867
1 7 347
1 8 488
1 9 666
2 1 295
2 3 564
2 4 114
2 5 288
2 6 29
2 7 32
2 8 379
2 9 822
3 1 587
3 2 68
3 4 294
3 5 720
3 6 823
3 7 508
3 8 845
3 9 489
4 1 439
4 2 89
4 3 376
4 5 833
4 6 334
4 7 355
4 8 186
4 9 64
5 1 200
5 2 356
5 3 180
5 4 52
5 6 863
5 7 131
5 8 303
5 9 542
6 1 223
6 2 260
6 3 370
6 4 191
6 5 354
6 7 871
6 8 135
6 9 689
7 1 639
7 2 293
7 3 848
7 4 750
7 5 844
7 6 458
7 8 393
7 9 233
8 1 703
8 2 282
8 3 65
8 4 243
8 5 36
8 6 210
8 7 452
8 9 883
9 1 411
9 2 887
9 3 652
9 4 609
9 5 306
9 6 9
9 7 821
9 8 216
m
0 786 185 575 238 867 347 488 666
295 0 564 114 288 29 32 379 822
587 68 0 294 720 823 508 845 489
439 89 376 0 833 334 355 186 64
200 356 180 52 0 863 131 303 542
223 260 370 191 354 0 871 135 689
639 293 848 750 844 458 0 393 233
703 282 65 243 36 210 452 0 883
411 887 652 609 306 9 821 216 0
E