startin 1
1 2 266
1 3 684
1 4 433
1 5 661
1 6 542
1 7 666
2 1 288
2 3 157
2 4 205
2 5 457
2 6 176
2 7 463
3 1 344
3 2 613
3 4 667
3 5 97
3 6 617
3 7 336
4 1 599
4 2 510
4 3 54
4 5 445
4 6 682
4 7 647
5 1 326
5 2 346
5 3 567
5 4 39
5 6 201
5 7 636
6 1 488
6 2 366
6 3 1
6 4 272
6 5 447
6 7 582
7 1 390
7 2 177
7 3 237
7 4 95
7 5 345
7 6 695
M
0 266 684 433 661 542 666
288 0 157 205 457 176 463
344 613 0 667 97 617 336
599 510 54 0 445 682 647
326 346 567 39 0 201 636
488 366 1 272 447 0 582
390 177 237 95 345 695 0
0