startin 1
1 2 255
1 3 433
1 4 1152
1 5 737
1 6 565
1 7 358
1 8 10
1 9 971
1 10 265
1 11 426
1 12 690
2 1 1184
2 3 927
2 4 229
2 5 800
2 6 782
2 7 1043
2 8 158
2 9 190
2 10 830
2 11 678
2 12 674
3 1 953
3 2 964
3 4 139
3 5 1115
3 6 574
3 7 979
3 8 1161
3 9 679
3 10 314
3 11 1175
3 12 126
4 1 1113
4 2 245
4 3 67
4 5 456
4 6 567
4 7 1168
4 8 159
4 9 39
4 10 375
4 11 538
4 12 1017
5 1 1018
5 2 1045
5 3 353
5 4 171
5 6 350
5 7 280
5 8 1107
5 9 104
5 10 57
5 11 818
5 12 1156
6 1 1167
6 2 1159
6 3 1172
6 4 756
6 5 231
6 7 237
6 8 812
6 9 536
6 10 1160
6 11 572
6 12 483
7 1 1077
7 2 335
7 3 941
7 4 46
7 5 885
7 6 80
7 8 157
7 9 576
7 10 712
7 11 502
7 12 730
8 1 910
8 2 167
8 3 1059
8 4 944
8 5 129
8 6 820
8 7 717
8 9 1
8 10 753
8 11 108
8 12 684
9 1 42
9 2 503
9 3 88
9 4 728
9 5 881
9 6 804
9 7 1151
9 8 942
9 10 1011
9 11 1104
9 12 767
10 1 203
10 2 628
10 3 938
10 4 560
10 5 986
10 6 196
10 7 345
10 8 1089
10 9 1146
10 11 573
10 12 993
11 1 811
11 2 453
11 3 250
11 4 188
11 5 740
11 6 77
11 7 714
11 8 655
11 9 813
11 10 764
11 12 66
12 1 945
12 2 1065
12 3 319
12 4 1039
12 5 172
12 6 877
12 7 485
12 8 999
12 9 777
12 10 81
12 11 311
m
0 255 433 1152 737 565 358 10 971 265 426 690
1184 0 927 229 800 782 1043 158 190 830 678 674
953 964 0 139 1115 574 979 1161 679 314 1175 126
1113 245 67 0 456 567 1168 159 39 375 538 1017
1018 1045 353 171 0 350 280 1107 104 57 818 1156
1167 1159 1172 756 231 0 237 812 536 1160 572 483
1077 335 941 46 885 80 0 157 576 712 502 730
910 167 1059 944 129 820 717 0 1 753 108 684
42 503 88 728 881 804 1151 942 0 1011 1104 767
203 628 938 560 986 196 345 1089 1146 0 573 993
811 453 250 188 740 77 714 655 813 764 0 66
945 1065 319 1039 172 877 485 999 777 81 311 0
E