startin 1
1 2 641
1 3 97
1 4 954
1 5 724
1 6 835
1 7 146
1 8 469
1 9 853
1 10 618
2 1 623
2 3 779
2 4 972
2 5 324
2 6 906
2 7 111
2 8 841
2 9 636
2 10 854
3 1 550
3 2 555
3 4 402
3 5 541
3 6 819
3 7 904
3 8 263
3 9 183
3 10 691
4 1 694
4 2 919
4 3 412
4 5 920
4 6 484
4 7 105
4 8 939
4 9 211
4 10 832
5 1 778
5 2 328
5 3 840
5 4 264
5 6 980
5 7 976
5 8 519
5 9 119
5 10 102
6 1 619
6 2 917
6 3 257
6 4 34
6 5 391
6 7 926
6 8 511
6 9 144
6 10 149
7 1 184
7 2 656
7 3 384
7 4 164
7 5 522
7 6 7
7 8 928
7 9 482
7 10 725
8 1 754
8 2 498
8 3 760
8 4 169
8 5 292
8 6 915
8 7 590
8 9 799
8 10 626
9 1 744
9 2 752
9 3 893
9 4 455
9 5 313
9 6 868
9 7 62
9 8 595
9 10 624
10 1 506
10 2 390
10 3 217
10 4 741
10 5 549
10 6 286
10 7 209
10 8 995
10 9 136
m
0 641 97 954 724 835 146 469 853 618
623 0 779 972 324 906 111 841 636 854
550 555 0 402 541 819 904 263 183 691
694 919 412 0 920 484 105 939 211 832
778 328 840 264 0 980 976 519 119 102
619 917 257 34 391 0 926 511 144 149
184 656 384 164 522 7 0 928 482 725
754 498 760 169 292 915 590 0 799 626
744 752 893 455 313 868 62 595 0 624
506 390 217 741 549 286 209 995 136 0
E