startin 1
1 2 512
1 3 620
1 4 533
1 5 362
1 6 601
1 7 557
1 8 713
2 1 497
2 3 646
2 4 92
2 5 444
2 6 254
2 7 261
2 8 715
3 1 669
3 2 510
3 4 436
3 5 385
3 6 371
3 7 668
3 8 207
4 1 551
4 2 735
4 3 117
4 5 148
4 6 762
4 7 670
4 8 672
5 1 545
5 2 383
5 3 447
5 4 528
5 6 252
5 7 473
5 8 151
6 1 525
6 2 377
6 3 775
6 4 213
6 5 705
6 7 419
6 8 702
7 1 644
7 2 153
7 3 659
7 4 249
7 5 125
7 6 287
7 8 434
8 1 78
8 2 463
8 3 478
8 4 44
8 5 47
8 6 591
8 7 241
m
0 512 620 533 362 601 557 713
497 0 646 92 444 254 261 715
669 510 0 436 385 371 668 207
551 735 117 0 148 762 670 672
545 383 447 528 0 252 473 151
525 377 775 213 705 0 419 702
644 153 659 249 125 287 0 434
78 463 478 44 47 591 241 0
E