startin 1
1 2 359
1 3 585
1 4 1533
1 5 1126
1 6 422
1 7 1811
1 8 9
1 9 1788
1 10 1568
1 11 1017
1 12 238
1 13 1159
1 14 1491
1 15 567
1 16 141
1 17 127
1 18 1254
1 19 688
1 20 949
2 1 758
2 3 676
2 4 239
2 5 718
2 6 734
2 7 1377
2 8 1586
2 9 179
2 10 1612
2 11 88
2 12 1526
2 13 329
2 14 1375
2 15 162
2 16 1803
2 17 1780
2 18 1050
2 19 334
2 20 1078
3 1 1103
3 2 1759
3 4 626
3 5 997
3 6 610
3 7 486
3 8 852
3 9 95
3 10 1749
3 11 693
3 12 1561
3 13 1682
3 14 1982
3 15 310
3 16 285
3 17 374
3 18 1589
3 19 349
3 20 1579
4 1 326
4 2 609
4 3 175
4 5 176
4 6 1001
4 7 1083
4 8 437
4 9 523
4 10 1173
4 11 914
4 12 1625
4 13 147
4 14 1705
4 15 465
4 16 189
4 17 1494
4 18 377
4 19 1455
4 20 125
5 1 1951
5 2 7
5 3 1486
5 4 1818
5 6 1918
5 7 594
5 8 1807
5 9 691
5 10 1360
5 11 1678
5 12 1456
5 13 1961
5 14 1505
5 15 1113
5 16 1746
5 17 966
5 18 708
5 19 1085
5 20 1860
6 1 1646
6 2 1952
6 3 1987
6 4 144
6 5 1029
6 7 389
6 8 1897
6 9 89
6 10 881
6 11 1181
6 12 1692
6 13 123
6 14 581
6 15 593
6 16 1792
6 17 635
6 18 895
6 19 165
6 20 1609
7 1 1066
7 2 352
7 3 1461
7 4 1208
7 5 577
7 6 855
7 8 402
7 9 1190
7 10 1117
7 11 858
7 12 1638
7 13 1216
7 14 1550
7 15 172
7 16 386
7 17 53
7 18 1023
7 19 1846
7 20 829
8 1 622
8 2 1252
8 3 1587
8 4 213
8 5 509
8 6 1524
8 7 1348
8 9 1091
8 10 640
8 11 817
8 12 27
8 13 116
8 14 625
8 15 491
8 16 1690
8 17 1177
8 18 1450
8 19 1226
8 20 455
9 1 1871
9 2 182
9 3 987
9 4 107
9 5 1212
9 6 1874
9 7 140
9 8 1296
9 10 39
9 11 1160
9 12 1924
9 13 198
9 14 62
9 15 511
9 16 1637
9 17 583
9 18 375
9 19 1820
9 20 1035
10 1 514
10 2 969
10 3 113
10 4 283
10 5 764
10 6 1649
10 7 869
10 8 1964
10 9 1785
10 11 211
10 12 351
10 13 400
10 14 1038
10 15 1134
10 16 816
10 17 358
10 18 85
10 19 477
10 20 788
11 1 445
11 2 1875
11 3 1289
11 4 1389
11 5 366
11 6 907
11 7 1833
11 8 1592
11 9 1613
11 10 1962
11 12 1507
11 13 880
11 14 1549
11 15 46
11 16 805
11 17 894
11 18 1419
11 19 183
11 20 59
12 1 575
12 2 505
12 3 823
12 4 1471
12 5 1454
12 6 1370
12 7 1975
12 8 1195
12 9 956
12 10 783
12 11 839
12 13 578
12 14 1221
12 15 753
12 16 1282
12 17 130
12 18 1451
12 19 1283
12 20 187
13 1 860
13 2 1394
13 3 508
13 4 605
13 5 1144
13 6 429
13 7 64
13 8 573
13 9 1338
13 10 166
13 11 1532
13 12 518
13 14 1963
13 15 1941
13 16 1090
13 17 1291
13 18 1872
13 19 826
13 20 1266
14 1 1061
14 2 30
14 3 646
14 4 1610
14 5 572
14 6 909
14 7 5
14 8 163
14 9 265
14 10 384
14 11 391
14 12 205
14 13 1449
14 15 387
14 16 1909
14 17 1555
14 18 951
14 19 1536
14 20 1699
15 1 194
15 2 236
15 3 134
15 4 1783
15 5 225
15 6 591
15 7 459
15 8 294
15 9 320
15 10 592
15 11 1999
15 12 8
15 13 1865
15 14 1438
15 16 214
15 17 417
15 18 1623
15 19 1205
15 20 861
16 1 1992
16 2 1054
16 3 1210
16 4 796
16 5 1075
16 6 178
16 7 941
16 8 1703
16 9 1601
16 10 614
16 11 933
16 12 889
16 13 1094
16 14 438
16 15 1294
16 17 1933
16 18 1755
16 19 262
16 20 434
17 1 784
17 2 739
17 3 1907
17 4 4
17 5 1128
17 6 1647
17 7 1967
17 8 652
17 9 266
17 10 859
17 11 21
17 12 1108
17 13 1816
17 14 1719
17 15 580
17 16 1519
17 18 538
17 19 311
17 20 44
18 1 1504
18 2 1366
18 3 104
18 4 435
18 5 528
18 6 1721
18 7 1942
18 8 615
18 9 1826
18 10 1501
18 11 1786
18 12 1932
18 13 1630
18 14 1041
18 15 197
18 16 1764
18 17 1573
18 19 38
18 20 813
19 1 1203
19 2 1222
19 3 590
19 4 1139
19 5 264
19 6 1028
19 7 529
19 8 367
19 9 888
19 10 408
19 11 934
19 12 548
19 13 1733
19 14 1930
19 15 1565
19 16 1980
19 17 697
19 18 1056
19 20 1317
20 1 1916
20 2 1167
20 3 1515
20 4 1825
20 5 694
20 6 1891
20 7 3
20 8 291
20 9 1953
20 10 775
20 11 394
20 12 1925
20 13 608
20 14 98
20 15 760
20 16 1346
20 17 1146
20 18 687
20 19 132
m
0 359 585 1533 1126 422 1811 9 1788 1568 1017 238 1159 1491 567 141 127 1254 688 949
758 0 676 239 718 734 1377 1586 179 1612 88 1526 329 1375 162 1803 1780 1050 334 1078
1103 1759 0 626 997 610 486 852 95 1749 693 1561 1682 1982 310 285 374 1589 349 1579
326 609 175 0 176 1001 1083 437 523 1173 914 1625 147 1705 465 189 1494 377 1455 125
1951 7 1486 1818 0 1918 594 1807 691 1360 1678 1456 1961 1505 1113 1746 966 708 1085 1860
1646 1952 1987 144 1029 0 389 1897 89 881 1181 1692 123 581 593 1792 635 895 165 1609
1066 352 1461 1208 577 855 0 402 1190 1117 858 1638 1216 1550 172 386 53 1023 1846 829
622 1252 1587 213 509 1524 1348 0 1091 640 817 27 116 625 491 1690 1177 1450 1226 455
1871 182 987 107 1212 1874 140 1296 0 39 1160 1924 198 62 511 1637 583 375 1820 1035
514 969 113 283 764 1649 869 1964 1785 0 211 351 400 1038 1134 816 358 85 477 788
445 1875 1289 1389 366 907 1833 1592 1613 1962 0 1507 880 1549 46 805 894 1419 183 59
575 505 823 1471 1454 1370 1975 1195 956 783 839 0 578 1221 753 1282 130 1451 1283 187
860 1394 508 605 1144 429 64 573 1338 166 1532 518 0 1963 1941 1090 1291 1872 826 1266
1061 30 646 1610 572 909 5 163 265 384 391 205 1449 0 387 1909 1555 951 1536 1699
194 236 134 1783 225 591 459 294 320 592 1999 8 1865 1438 0 214 417 1623 1205 861
1992 1054 1210 796 1075 178 941 1703 1601 614 933 889 1094 438 1294 0 1933 1755 262 434
784 739 1907 4 1128 1647 1967 652 266 859 21 1108 1816 1719 580 1519 0 538 311 44
1504 1366 104 435 528 1721 1942 615 1826 1501 1786 1932 1630 1041 197 1764 1573 0 38 813
1203 1222 590 1139 264 1028 529 367 888 408 934 548 1733 1930 1565 1980 697 1056 0 1317
1916 1167 1515 1825 694 1891 3 291 1953 775 394 1925 608 98 760 1346 1146 687 132 0
E